[gd_scene load_steps=25 format=3 uid="uid://cia0dvircbqcj"]

[ext_resource type="PackedScene" uid="uid://r7skkff77ggg" path="res://TSCN/SM_Ground.tscn" id="1_jbfuc"]
[ext_resource type="PackedScene" uid="uid://cin85qs5stp1y" path="res://TSCN/SM_AddressBoard.tscn" id="2_8ojon"]
[ext_resource type="PackedScene" path="res://TSCN/SM_Building_01.tscn" id="2_br2l0"]
[ext_resource type="PackedScene" uid="uid://cvpox56du0go8" path="res://TSCN/SM_JapaneseToroLantern.tscn" id="4_b5ym5"]
[ext_resource type="PackedScene" uid="uid://g1b1yx1rmbj6" path="res://TSCN/SM_Barrel.tscn" id="6_xbbiq"]
[ext_resource type="PackedScene" uid="uid://dipak8hfflnoo" path="res://TSCN/SM_BarrelOpen.tscn" id="7_65epl"]
[ext_resource type="PackedScene" uid="uid://cycjnjiogd8tk" path="res://TSCN/SM_BarrelOpneSmall.tscn" id="8_k7mjc"]
[ext_resource type="PackedScene" uid="uid://bi1euew7dyi26" path="res://TSCN/SM_BarrelSmall.tscn" id="9_th3vk"]
[ext_resource type="PackedScene" path="res://TSCN/SM_Building02.tscn" id="10_v8igq"]
[ext_resource type="PackedScene" uid="uid://debm0tenjrdrl" path="res://TSCN/SM_Building_03.tscn" id="10_xpvqv"]
[ext_resource type="Texture2D" uid="uid://cgy1gtwi3a12f" path="res://References/IMG_E4323.jpg" id="12_6tlug"]
[ext_resource type="PackedScene" uid="uid://5yye2o338upv" path="res://TSCN/SM_Tree.tscn" id="12_t0e43"]
[ext_resource type="PackedScene" path="res://TSCN/SM_Stone01.tscn" id="13_1ma54"]
[ext_resource type="PackedScene" uid="uid://butpe1bhc7i1c" path="res://TSCN/SM_Water.tscn" id="13_71ub3"]
[ext_resource type="PackedScene" path="res://TSCN/SM_Stone02.tscn" id="14_7f04u"]
[ext_resource type="PackedScene" path="res://TSCN/SM_Stone03.tscn" id="15_ebv8r"]
[ext_resource type="PackedScene" uid="uid://c05s81j3a27ww" path="res://TSCN/SM_Shed.tscn" id="15_ttnko"]
[ext_resource type="PackedScene" path="res://TSCN/SM_Stone04.tscn" id="16_h43uf"]
[ext_resource type="PackedScene" path="res://TSCN/SM_Stone06.tscn" id="17_sxoix"]
[ext_resource type="PackedScene" path="res://TSCN/SM_Stone05.tscn" id="18_1gal6"]
[ext_resource type="PackedScene" uid="uid://dlx6hxkhhfd4" path="res://TSCN/SM_Stone08.tscn" id="19_w1n2i"]
[ext_resource type="MeshLibrary" uid="uid://bohjxbuf2pfdd" path="res://Meshlib/Fence.meshlib" id="22_k1nmm"]

[sub_resource type="StandardMaterial3D" id="StandardMaterial3D_bkyjr"]
albedo_texture = ExtResource("12_6tlug")

[sub_resource type="PlaneMesh" id="PlaneMesh_j3k0m"]
material = SubResource("StandardMaterial3D_bkyjr")
size = Vector2(18, 18)

[node name="Node3d" type="Node3D"]
transform = Transform3D(1, 0, 0, 0, 1, 0, 0, 0, 1, 1.4703, -0.109175, -4.92582)

[node name="Node3d" parent="." instance=ExtResource("12_t0e43")]
transform = Transform3D(0.669117, 0, -0.568477, 0, 0.878, 0, 0.568477, 0, 0.669117, -4.11096, -0.789019, 6.16473)

[node name="SM_Ground" parent="." instance=ExtResource("1_jbfuc")]
transform = Transform3D(-4.37114e-08, 0, 1, 0, 1, 0, -1, 0, -4.37114e-08, 0.0199843, -0.773255, -0.145692)

[node name="SM_AddressBoard" parent="." instance=ExtResource("2_8ojon")]
transform = Transform3D(0.0183598, 0, 0.999831, 0, 1, 0, -0.999831, 0, 0.0183598, 7.53188, -0.800355, 4.92429)

[node name="SM_Shed" parent="." instance=ExtResource("15_ttnko")]
transform = Transform3D(0.83293, 0, 0.553376, 0, 1, 0, -0.553376, 0, 0.83293, -2.92139, -0.797639, -5.68018)

[node name="SM_JapaneseToroLantern" type="Node3D" parent="."]

[node name="SM_JapaneseToroLantern_01" parent="SM_JapaneseToroLantern" instance=ExtResource("4_b5ym5")]
transform = Transform3D(1, 0, 0, 0, 1, 0, 0, 0, 1, 7.84572, -0.828323, 2.70589)

[node name="SM_JapaneseToroLantern_02" parent="SM_JapaneseToroLantern" instance=ExtResource("4_b5ym5")]
transform = Transform3D(1, 0, 0, 0, 1, 0, 0, 0, 1, 7.84309, -0.843442, -3.00359)

[node name="DirectionalLight3d" type="DirectionalLight3D" parent="."]
transform = Transform3D(-0.80143, -0.171004, -0.573121, -0.150447, -0.869802, 0.469904, -0.578857, 0.462819, 0.671359, -19.7328, 8.18044, 9.07771)
light_angular_distance = 0.7
shadow_enabled = true
shadow_bias = 0.795
shadow_normal_bias = 0.0
shadow_opacity = 0.27
directional_shadow_split_3 = 0.613
directional_shadow_fade_start = 0.926
directional_shadow_max_distance = 65.0
directional_shadow_pancake_size = 24.7

[node name="Camera3d" type="Camera3D" parent="."]
transform = Transform3D(0.0047714, 0.212079, -0.977241, 0.00861131, 0.977207, 0.212114, 0.999952, -0.0094274, 0.00283637, -17.2651, 6.53577, 0)
fov = 59.9287

[node name="Refrence" type="MeshInstance3D" parent="."]
transform = Transform3D(-5.00144e-08, 0, 1.1442, 0, 1.1442, 0, -1.1442, 0, -5.00144e-08, 0.30384, -18.079, -0.568812)
mesh = SubResource("PlaneMesh_j3k0m")

[node name="Barrels" type="Node3D" parent="."]

[node name="SM_BarrelSmallOpen" parent="Barrels" instance=ExtResource("8_k7mjc")]
transform = Transform3D(0.834, 0, 0, 0, 0.834, 0, 0, 0, 0.834, 0.181728, -0.668734, 3.33261)

[node name="SM_BarrelSmall_01" parent="Barrels" instance=ExtResource("9_th3vk")]
transform = Transform3D(1, 0, 0, 0, 1, 0, 0, 0, 1, 0.986554, -0.734396, 3.42731)

[node name="SM_BarrelSmall_02" parent="Barrels" instance=ExtResource("9_th3vk")]
transform = Transform3D(1, -0.000349066, 0, 0.000349066, 1, 0, 0, 0, 1, 1.6095, -0.795186, 3.4657)

[node name="SM_Barrel_01" parent="Barrels" instance=ExtResource("6_xbbiq")]
transform = Transform3D(-0.254403, 0, -0.782693, 0, 0.823, 0, 0.782693, 0, -0.254403, 3.11278, -0.651761, 0.459591)

[node name="SM_Barrel_02" parent="Barrels" instance=ExtResource("6_xbbiq")]
transform = Transform3D(0.504476, 0, 0.652786, 0, 0.825, 0, -0.652786, 0, 0.504476, -3.57198, -0.779234, -4.43833)

[node name="SM_BarrelOpen_01" parent="Barrels" instance=ExtResource("7_65epl")]
transform = Transform3D(0.931, 0, 0, 0, 0.931, 0, 0, 0, 0.931, 1.09422, -0.51101, -4.39733)

[node name="SM_BarrelOpen_02" parent="Barrels" instance=ExtResource("7_65epl")]
transform = Transform3D(0.872, 0, 0, 0, 0.872, 0, 0, 0, 0.872, -4.8084, -0.810937, 4.10155)

[node name="SM_BarrelOpen_03" parent="Barrels" instance=ExtResource("7_65epl")]
transform = Transform3D(0.832, 0, 0, 0, 0.832, 0, 0, 0, 0.832, 2.48935, -0.805574, 3.31133)

[node name="SM_BarrelOpen_04" parent="Barrels" instance=ExtResource("7_65epl")]
transform = Transform3D(0.788836, 0, 0, 0, 0.788836, 0, 0, 0, 0.788836, 7.844, -0.785, 0.582)

[node name="Building" type="Node3D" parent="."]

[node name="SM_Building_01" parent="Building" instance=ExtResource("2_br2l0")]
transform = Transform3D(-4.37114e-08, 0, 1, 0, 1, 0, -1, 0, -4.37114e-08, 5.64021, -0.782079, 0.0547318)

[node name="SM_Building_02" parent="Building" instance=ExtResource("10_v8igq")]
transform = Transform3D(-0.999964, 0, -0.00853459, 0, 1, 0, 0.00853459, 0, -0.999964, 1.03853, -0.826112, 5.43185)

[node name="SM_Building_03" parent="Building" instance=ExtResource("10_xpvqv")]
transform = Transform3D(1, 0, 0, 0, 1, 0, 0, 0, 1, 0.515537, -0.859545, -6.67022)

[node name="Water" parent="." instance=ExtResource("13_71ub3")]
transform = Transform3D(-0.00919775, 0, -0.999958, 0, 1, 0, 0.999958, 0, -0.00919775, -5.32814, -0.789736, 0.584873)

[node name="Tree" type="Node3D" parent="."]
transform = Transform3D(1, 0, 0, 0, 1, 0, 0, 0, 1, 2.09835, 2.98023e-07, 1.85966e-05)

[node name="SM_Tree_01" parent="Tree" instance=ExtResource("12_t0e43")]
transform = Transform3D(-0.676692, 0, -0.325713, 0, 0.751, 0, 0.325713, 0, -0.676692, 4.70142, -0.824115, -6.91465)

[node name="SM_Tree_02" parent="Tree" instance=ExtResource("12_t0e43")]
transform = Transform3D(0.721, 0, 0, 0, 0.721, 0, 0, 0, 0.721, 2.75264, -0.806812, 6.90962)

[node name="SM_Tree_03" parent="Tree" instance=ExtResource("12_t0e43")]
transform = Transform3D(0.572929, 0, -0.555478, 0, 0.798, 0, 0.555478, 0, 0.572929, -4.63585, -1.21075, -8.60337)

[node name="Stones" type="Node3D" parent="."]
transform = Transform3D(1, 0, 0, 0, 1, 0, 0, 0, 1, 0, -0.135361, 0)

[node name="SM_Stone_01" parent="Stones" instance=ExtResource("13_1ma54")]
transform = Transform3D(0.118456, 0, -0.992959, 0, 1, 0, 0.992959, 0, 0.118456, -6.60525, -0.859895, -0.649453)

[node name="SM_Stone_36" parent="Stones" instance=ExtResource("13_1ma54")]
transform = Transform3D(-0.101595, 0, -0.994826, 0, 1, 0, 0.994826, 0, -0.101595, -6.21081, -0.859895, -0.649453)

[node name="SM_Stone_33" parent="Stones" instance=ExtResource("13_1ma54")]
transform = Transform3D(-0.0547933, 0, -0.998498, 0, 1, 0, 0.998498, 0, -0.0547933, -6.45812, -1.07078, -2.56144)

[node name="SM_Stone_02" parent="Stones" instance=ExtResource("14_7f04u")]
transform = Transform3D(-0.152072, 0, -0.98837, 0, 1, 0, 0.98837, 0, -0.152072, -6.04847, -0.953466, 2.46048)

[node name="SM_Stone_34" parent="Stones" instance=ExtResource("14_7f04u")]
transform = Transform3D(-0.152072, 0, -0.98837, 0, 1, 0, 0.98837, 0, -0.152072, -7.01943, -1.04297, -1.11119)

[node name="SM_Stone_03" parent="Stones" instance=ExtResource("14_7f04u")]
transform = Transform3D(-0.0136481, 0, 0.999907, 0, 1, 0, -0.999907, 0, -0.0136481, -3.89449, -1.01293, -0.445091)

[node name="SM_Stone_04" parent="Stones" instance=ExtResource("15_ebv8r")]
transform = Transform3D(0.179938, -0.00276146, -0.983674, -0.0638855, 0.997852, -0.0144875, 0.981601, 0.0654494, 0.179375, -6.7769, -0.877427, 2.66808)

[node name="SM_Stone_35" parent="Stones" instance=ExtResource("15_ebv8r")]
transform = Transform3D(-0.384546, -0.0380107, -0.922323, -0.0638855, 0.997852, -0.0144875, 0.920893, 0.053352, -0.386148, -7.14116, -0.922436, -2.28445)

[node name="SM_Stone_05" parent="Stones" instance=ExtResource("15_ebv8r")]
transform = Transform3D(-0.257139, -0.00243242, 0.966371, -0.0638855, 0.997852, -0.0144875, -0.964261, -0.0654625, -0.256743, -5.21581, -0.869343, 2.45004)

[node name="SM_Stone_30" parent="Stones" instance=ExtResource("15_ebv8r")]
transform = Transform3D(0.289899, 0.0324474, 0.956507, -0.0638855, 0.997852, -0.0144875, -0.954923, -0.0569071, 0.291349, -4.45, -0.898685, 1.86891)

[node name="SM_Stone_06" parent="Stones" instance=ExtResource("16_h43uf")]
transform = Transform3D(-0.075379, 0, -0.997155, -0.103764, 0.994571, 0.00784393, 0.991741, 0.10406, -0.0749698, -6.68644, -0.757951, 1.02015)

[node name="SM_Stone_37" parent="Stones" instance=ExtResource("16_h43uf")]
transform = Transform3D(0.240506, 0.032743, -0.970095, -0.103764, 0.994571, 0.00784393, 0.965085, 0.0987742, 0.242598, -6.27741, -0.757951, 1.02015)

[node name="SM_Stone_07" parent="Stones" instance=ExtResource("17_sxoix")]
transform = Transform3D(0.536843, 0, 0.843682, 0, 1, 0, -0.843682, 0, 0.536843, -5.60392, -0.670062, -1.78238)

[node name="SM_Stone_08" parent="Stones" instance=ExtResource("18_1gal6")]
transform = Transform3D(0.0152187, 0, 0.999884, 0, 1, 0, -0.999884, 0, 0.0152187, -3.92694, -0.612955, 1.24062)

[node name="SM_Stone_09" parent="Stones" instance=ExtResource("18_1gal6")]
transform = Transform3D(-0.982887, 0, 0.184209, 0, 1, 0, -0.184209, 0, -0.982887, -4.86667, -0.655259, -1.10873)

[node name="SM_Stone_10" parent="Stones" instance=ExtResource("18_1gal6")]
transform = Transform3D(0.0152187, 0, 0.999884, 0, 1, 0, -0.999884, 0, 0.0152187, -3.28567, -0.620663, 0.197591)

[node name="SM_Stone_11" parent="Stones" instance=ExtResource("17_sxoix")]
transform = Transform3D(0.00722545, 0, 0.999974, 0, 1, 0, -0.999974, 0, 0.00722545, -2.58842, -0.670062, 0.356021)

[node name="SM_Stone_12" parent="Stones" instance=ExtResource("17_sxoix")]
transform = Transform3D(-0.565975, 0, -0.824423, 0, 1, 0, 0.824423, 0, -0.565975, -1.9218, -0.670062, 0.627224)

[node name="SM_Stone_13" parent="Stones" instance=ExtResource("17_sxoix")]
transform = Transform3D(0.837433, 0, 0.546541, 0, 1, 0, -0.546541, 0, 0.837433, -1.02176, -0.656214, 0.744186)

[node name="SM_Stone_14" parent="Stones" instance=ExtResource("18_1gal6")]
transform = Transform3D(0.98939, -0.00193015, -0.145271, 0.00188549, 0.999998, -0.000445086, 0.145272, 0.000166456, 0.989392, -0.656519, -0.620722, 2.06043)

[node name="SM_Stone_15" parent="Stones" instance=ExtResource("17_sxoix")]
transform = Transform3D(-0.915586, 0, 0.402123, 0, 1, 0, -0.402123, 0, -0.915586, -0.834603, -0.670062, 2.89423)

[node name="SM_Stone_16" parent="Stones" instance=ExtResource("18_1gal6")]
transform = Transform3D(0.990543, 0, -0.137203, 0, 1, 0, 0.137203, 0, 0.990543, -0.885714, -0.646482, 3.69164)

[node name="SM_Stone_17" parent="Stones" instance=ExtResource("17_sxoix")]
transform = Transform3D(-0.956254, 0, -0.292539, 0, 1, 0, 0.292539, 0, -0.956254, -0.425837, -0.670062, 1.02584)

[node name="SM_Stone_18" parent="Stones" instance=ExtResource("17_sxoix")]
transform = Transform3D(0.6589, 0, -0.752231, 0, 1, 0, 0.752231, 0, 0.6589, -0.0876538, -0.670062, 0.321162)

[node name="SM_Stone_19" parent="Stones" instance=ExtResource("18_1gal6")]
transform = Transform3D(0.641115, 0, -0.767445, 0, 1, 0, 0.767445, 0, 0.641115, 0.890706, -0.620663, -0.291637)

[node name="SM_Stone_20" parent="Stones" instance=ExtResource("17_sxoix")]
transform = Transform3D(-0.0182203, 0, 0.999834, 0, 1, 0, -0.999834, 0, -0.0182203, 1.46201, -0.670062, -0.819386)

[node name="SM_Stone_21" parent="Stones" instance=ExtResource("18_1gal6")]
transform = Transform3D(-0.819653, 0, -0.572862, 0, 1, 0, 0.572862, 0, -0.819653, 0.00763237, -0.599686, -2.65052)

[node name="SM_Stone_38" parent="Stones" instance=ExtResource("18_1gal6")]
transform = Transform3D(-0.997791, 0, 0.066448, 0, 1, 0, -0.066448, 0, -0.997791, -0.959947, -0.599686, -4.86354)

[node name="SM_Stone_22" parent="Stones" instance=ExtResource("17_sxoix")]
transform = Transform3D(0.972186, 1.45519e-11, 0.234209, -0.000318842, 0.999999, 0.00132349, -0.234208, -0.00136136, 0.972185, 0.414365, -0.597534, -1.98829)

[node name="SM_Stone_39" parent="Stones" instance=ExtResource("17_sxoix")]
transform = Transform3D(0.924233, 0, 0.381829, -0.000519805, 0.999999, 0.00125821, -0.381828, -0.00136136, 0.924232, 0.659632, -0.59668, -1.3604)

[node name="SM_Stone_23" parent="Stones" instance=ExtResource("18_1gal6")]
transform = Transform3D(-0.680631, 0, 0.732626, 0, 1, 0, -0.732626, 0, -0.680631, 1.98908, -0.626562, -1.46794)

[node name="SM_Stone_25" parent="Stones" instance=ExtResource("18_1gal6")]
transform = Transform3D(0.543145, 0, -0.839639, 0, 1, 0, 0.839639, 0, 0.543145, 3.38463, -0.626562, -2.27191)

[node name="SM_Stone_24" parent="Stones" instance=ExtResource("19_w1n2i")]
transform = Transform3D(-0.980244, 0, 0.197794, 0, 1, 0, -0.197794, 0, -0.980244, -1.53042, -0.669455, 1.12627)

[node name="SM_Stone_26" parent="Stones" instance=ExtResource("19_w1n2i")]
transform = Transform3D(-0.752265, 0, -0.65886, 0, 1, 0, 0.65886, 0, -0.752265, 0.171022, -0.633734, -0.193665)

[node name="SM_Stone_27" parent="Stones" instance=ExtResource("19_w1n2i")]
transform = Transform3D(0.671371, 0, 0.741121, 0, 1, 0, -0.741121, 0, 0.671371, 0.517227, -0.631847, 0.135725)

[node name="SM_Stone_28" parent="Stones" instance=ExtResource("17_sxoix")]
transform = Transform3D(-0.28726, 0, 0.957853, 0, 1, 0, -0.957853, 0, -0.28726, 2.6182, -0.582608, -1.84602)

[node name="SM_Stone_29" parent="Stones" instance=ExtResource("17_sxoix")]
transform = Transform3D(0.996573, 0, 0.0827218, 0, 1, 0, -0.0827218, 0, 0.996573, -0.389163, -0.63393, -3.34595)

[node name="SM_Stone_31" parent="Stones" instance=ExtResource("17_sxoix")]
transform = Transform3D(0.931399, 0, -0.363999, 0, 1, 0, 0.363999, 0, 0.931399, -0.787268, -0.605852, -4.00667)

[node name="GridMap" type="GridMap" parent="."]
mesh_library = ExtResource("22_k1nmm")
cell_size = Vector3(0.663, 1.893, 0.72)
data = {
"cells": PackedInt32Array(-11, 65531, 1441792, -11, 65530, 1441793, -11, 65529, 1441793, -11, 65528, 1441793, -11, 65526, 1048578, -11, 65527, 1048577, -10, 65526, 1, -9, 65526, 1, -8, 65526, 1, -7, 65526, 1, -6, 65526, 1, -5, 65526, 1, -11, 5, 1048576, -11, 7, 655362, -11, 6, 1048577, -10, 7, 1, -9, 7, 1, -8, 7, 1, -7, 7, 1, -6, 7, 1, -5, 7, 1, -4, 7, 0, -4, 65526, 0, -65530, 7, 655360, -65529, 7, 655361, -65528, 7, 1441794, -65528, 6, 1441793, -65528, 5, 1441793, -65528, 4, 1048576, -65531, 65526, 1, -65532, 65526, 655360, -65528, 65532, 1441792, -65528, 65531, 1441793, -65528, 65530, 1441793, -65528, 65529, 1441793, -65528, 65528, 1441793, -65528, 65527, 1441793, -65528, 65526, 2, -65529, 65526, 1, -65530, 65526, 1)
}
metadata/_editor_floor_ = Vector3(0, -1, 0)
